! FILETYPE CSV
! VERSION 1.0,2
! TIMESTAMP Wednesday, 17 July 2024 16:37:59
! TIMEZONE (GMT-03:00) Brasilia
! NAME Keysight Technologies
! MODEL N9923A
! SERIAL MY51491614
! FIRMWARE_VERSION A.08.18
! GPS_LATITUDE 
! GPS_LONGITUDE 
! GPS_TIMESTAMP 0001-01-01 00:00:00Z
! GPS_SECS_SINCE_LAST_READ 0
! CHECKSUM 0056950202
! CORRECTION1 ON U
! DATA Freq,S11
! FREQ UNIT Hz
! DATA UNIT dB
BEGIN
2000000000,-18.8693471511306
2001875000,-19.0764016796802
2003750000,-19.3326920991915
2005625000,-19.5342142688953
2007500000,-19.8390917611935
2009375000,-20.0159748330487
2011250000,-20.3631106710416
2013125000,-20.5576970309762
2015000000,-20.8035906406565
2016875000,-21.1530634522658
2018750000,-21.2154891057665
2020625000,-21.4286222560088
2022500000,-21.5025536269241
2024375000,-21.5251214003294
2026250000,-21.3002853171774
2028125000,-21.0582304790159
2030000000,-20.8478132498021
2031875000,-20.3482378059656
2033750000,-19.9648265051147
2035625000,-19.3995090144228
2037500000,-18.8838566763716
2039375000,-18.3731559287033
2041250000,-17.9032927281609
2043125000,-17.4154408541764
2045000000,-16.9345689592791
2046875000,-16.558537070057
2048750000,-16.2102945340255
2050625000,-15.8510184686274
2052500000,-15.5591639192277
2054375000,-15.3419796626661
2056250000,-15.1154148265142
2058125000,-14.9581796568682
2060000000,-14.8552805378463
2061875000,-14.7365245700927
2063750000,-14.6727107425495
2065625000,-14.6625406098573
2067500000,-14.6714741669009
2069375000,-14.7132855931932
2071250000,-14.7883581618314
2073125000,-14.8976455313463
2075000000,-14.9988326166239
2076875000,-15.1816890784804
2078750000,-15.3528336894634
2080625000,-15.5576911903231
2082500000,-15.7923535545476
2084375000,-15.9931830495778
2086250000,-16.2075870375958
2088125000,-16.4542929319334
2090000000,-16.7532618160697
2091875000,-17.0308988657814
2093750000,-17.2889982143358
2095625000,-17.6118839995114
2097500000,-17.904543249055
2099375000,-18.2158164073165
2101250000,-18.5561663113027
2103125000,-18.922005486729
2105000000,-19.2952089277675
2106875000,-19.6563398527234
2108750000,-20.0692974704844
2110625000,-20.4515237010935
2112500000,-20.8612957160027
2114375000,-21.2244742809507
2116250000,-21.5599263615571
2118125000,-21.7211382746712
2120000000,-21.745768846731
2121875000,-21.567516963093
2123750000,-21.2292650201525
2125625000,-20.8209334130171
2127500000,-20.2489694396296
2129375000,-19.6016924597728
2131250000,-18.9105112485836
2133125000,-18.2856773322857
2135000000,-17.6063816658319
2136875000,-16.9861045994151
2138750000,-16.4469409384327
2140625000,-15.9584863392493
2142500000,-15.4716801663476
2144375000,-15.0256126759036
2146250000,-14.6961937046967
2148125000,-14.3237551328535
2150000000,-14.0248697791333
2151875000,-13.7935160539093
2153750000,-13.5893818940312
2155625000,-13.4381674145024
2157500000,-13.309131249066
2159375000,-13.174926889205
2161250000,-13.1866082066678
2163125000,-13.1699644647065
2165000000,-13.1576176819023
2166875000,-13.2246160961818
2168750000,-13.2900982937379
2170625000,-13.3813398902481
2172500000,-13.5083401877966
2174375000,-13.6871075027038
2176250000,-13.8325226449353
2178125000,-13.995876166182
2180000000,-14.2121268007132
2181875000,-14.4255565205735
2183750000,-14.6614578544333
2185625000,-14.8891086549257
2187500000,-15.1464791485596
2189375000,-15.4307273361419
2191250000,-15.6899677740701
2193125000,-15.9734547903144
2195000000,-16.2689684730027
2196875000,-16.613898267204
2198750000,-16.93315133743
2200625000,-17.2730937962895
2202500000,-17.6046519155131
2204375000,-17.8995497690148
2206250000,-18.2120443258492
2208125000,-18.4723752341238
2210000000,-18.7009405044338
2211875000,-18.8034437019969
2213750000,-18.8577768182658
2215625000,-18.7877270376473
2217500000,-18.6091488157273
2219375000,-18.3335800461303
2221250000,-17.9553699492275
2223125000,-17.4841380474863
2225000000,-17.0044957885824
2226875000,-16.5093413798743
2228750000,-15.9851806022598
2230625000,-15.4749100291377
2232500000,-15.0003622704511
2234375000,-14.5322529068249
2236250000,-14.1036443896365
2238125000,-13.6970916183771
2240000000,-13.3337808877749
2241875000,-13.01175863162
2243750000,-12.6923150293394
2245625000,-12.4430133648266
2247500000,-12.215766998535
2249375000,-12.0171706954428
2251250000,-11.8327589128788
2253125000,-11.7106602374313
2255000000,-11.5926098064049
2256875000,-11.4906317535558
2258750000,-11.417674611026
2260625000,-11.3875880099924
2262500000,-11.349686877183
2264375000,-11.3605250364023
2266250000,-11.3414882704231
2268125000,-11.4011242858761
2270000000,-11.4321319958075
2271875000,-11.5082850170199
2273750000,-11.5777556022017
2275625000,-11.6248802397247
2277500000,-11.7298940110745
2279375000,-11.8378396664377
2281250000,-11.9508528504646
2283125000,-12.0489389133843
2285000000,-12.1351579335049
2286875000,-12.2367567483804
2288750000,-12.3742100586329
2290625000,-12.4685224645025
2292500000,-12.5414427950743
2294375000,-12.5711635806889
2296250000,-12.6341788571195
2298125000,-12.6417141755164
2300000000,-12.6122960871045
2301875000,-12.5595204600068
2303750000,-12.420068048154
2305625000,-12.2599720833923
2307500000,-12.0632513660399
2309375000,-11.7942381706925
2311250000,-11.5088345968054
2313125000,-11.1858195285442
2315000000,-10.8374152835605
2316875000,-10.4684642162953
2318750000,-10.1006821203714
2320625000,-9.71296325845494
2322500000,-9.3559044753482
2324375000,-8.97959107979423
2326250000,-8.61661035896974
2328125000,-8.26090018299893
2330000000,-7.91149619607433
2331875000,-7.565410409513
2333750000,-7.23235854200334
2335625000,-6.95109221973937
2337500000,-6.64013232778053
2339375000,-6.34250471423505
2341250000,-6.10695131928879
2343125000,-5.89273952227238
2345000000,-5.68379421445135
2346875000,-5.50744365638681
2348750000,-5.37114091838179
2350625000,-5.23551428810055
2352500000,-5.15056548774903
2354375000,-5.0912626856482
2356250000,-5.09459020466767
2358125000,-5.15329317676597
2360000000,-5.25170925671125
2361875000,-5.37746241384086
2363750000,-5.56385170855586
2365625000,-5.80291542329546
2367500000,-6.06743108552158
2369375000,-6.37998514114233
2371250000,-6.691009200018
2373125000,-7.05864673367158
2375000000,-7.40122739485057
2376875000,-7.77862881566392
2378750000,-8.11943812049107
2380625000,-8.48227566555697
2382500000,-8.79151353638303
2384375000,-9.07323601938753
2386250000,-9.40167433980577
2388125000,-9.66598320378609
2390000000,-9.9241486919749
2391875000,-10.2341226872326
2393750000,-10.5211379858788
2395625000,-10.7053198061582
2397500000,-11.045881649199
2399375000,-11.2953276540678
2401250000,-11.6210734721916
2403125000,-11.9749786292413
2405000000,-12.2189491062722
2406875000,-12.5612620063706
2408750000,-12.9530957285048
2410625000,-13.3089955601889
2412500000,-13.6793445124535
2414375000,-14.1164211986649
2416250000,-14.5985526647284
2418125000,-15.0590943607972
2420000000,-15.4824447990359
2421875000,-16.1105491708691
2423750000,-16.602252305253
2425625000,-17.1774600463692
2427500000,-17.7611964588129
2429375000,-18.3069978636211
2431250000,-18.9220070933939
2433125000,-19.6681042391103
2435000000,-20.2906002772442
2436875000,-20.9874739207912
2438750000,-21.7808662346271
2440625000,-22.4233869552619
2442500000,-23.0432346869697
2444375000,-23.791438597188
2446250000,-24.6053581625586
2448125000,-25.4125916236124
2450000000,-26.0046641113794
2451875000,-26.612012592276
2453750000,-26.8561800427082
2455625000,-27.3249815320614
2457500000,-27.9326457662787
2459375000,-27.8664375385306
2461250000,-28.0884584670262
2463125000,-28.1480781429937
2465000000,-27.6791002984677
2466875000,-27.9184197331223
2468750000,-27.4572194868863
2470625000,-27.4582841821447
2472500000,-27.2413498700853
2474375000,-26.949481883853
2476250000,-26.9187242414295
2478125000,-26.9001281602531
2480000000,-26.6213873581103
2481875000,-26.8253344297242
2483750000,-27.1091539377452
2485625000,-26.8822232669517
2487500000,-27.288030751396
2489375000,-27.2060013778841
2491250000,-28.0082447773253
2493125000,-27.8847903883653
2495000000,-28.3881874683377
2496875000,-29.060533201506
2498750000,-29.6229589255569
2500625000,-30.569902354109
2502500000,-31.8461762801968
2504375000,-33.0315825605688
2506250000,-34.0313362547723
2508125000,-35.5110865489822
2510000000,-37.0845979897902
2511875000,-38.4448970444286
2513750000,-38.8451388408803
2515625000,-37.7347417504038
2517500000,-37.332118074367
2519375000,-35.7037409259207
2521250000,-34.0514621892191
2523125000,-32.9766589790277
2525000000,-32.2137499873863
2526875000,-31.4794252521891
2528750000,-30.7497580584378
2530625000,-30.1057035449534
2532500000,-29.7612642200733
2534375000,-29.6363486817037
2536250000,-29.4865725009671
2538125000,-29.2837083022377
2540000000,-29.667062954237
2541875000,-29.9464634015006
2543750000,-30.4120030895373
2545625000,-31.1565922595868
2547500000,-31.789094391271
2549375000,-33.0457025606563
2551250000,-34.1906710294797
2553125000,-36.029516311985
2555000000,-37.6447987569281
2556875000,-38.1686755372918
2558750000,-37.4712095811833
2560625000,-36.4942594080177
2562500000,-34.2151829260434
2564375000,-32.2768437671871
2566250000,-31.154989255718
2568125000,-29.4901529487337
2570000000,-28.5818181620272
2571875000,-27.4800865984165
2573750000,-26.6588028905916
2575625000,-25.9987203681837
2577500000,-25.3152668985798
2579375000,-24.7799788742018
2581250000,-24.4364895002576
2583125000,-24.1233899739399
2585000000,-23.7701098553775
2586875000,-23.6404384262766
2588750000,-23.4806109003464
2590625000,-23.3486007414955
2592500000,-23.3134066131985
2594375000,-23.3246203154891
2596250000,-23.2381937643445
2598125000,-23.2122007989134
2600000000,-23.0868993331152
2601875000,-23.0239724599831
2603750000,-22.8808235551594
2605625000,-22.6794537647058
2607500000,-22.4517774718532
2609375000,-22.4073192710781
2611250000,-22.2194744628411
2613125000,-22.0509788676597
2615000000,-21.7742136075854
2616875000,-21.57258431546
2618750000,-21.4804739398812
2620625000,-21.424128197775
2622500000,-21.3956154070383
2624375000,-21.2099162119766
2626250000,-21.2902741705268
2628125000,-21.3331727929236
2630000000,-21.5146795379894
2631875000,-21.7530557835059
2633750000,-22.096366593097
2635625000,-22.456849496538
2637500000,-22.9743459129583
2639375000,-23.5332667179871
2641250000,-24.3703927603746
2643125000,-25.4349173934471
2645000000,-26.6171244759387
2646875000,-28.0094041725587
2648750000,-29.9429061611274
2650625000,-31.7219729529476
2652500000,-33.2861052167738
2654375000,-32.7488407239673
2656250000,-31.8167828468069
2658125000,-29.6718122039588
2660000000,-27.9075439106909
2661875000,-26.1572170631236
2663750000,-24.7101236157732
2665625000,-23.439858906477
2667500000,-22.3796092162766
2669375000,-21.54951732207
2671250000,-20.7941078525922
2673125000,-20.1820296505853
2675000000,-19.6802965414378
2676875000,-19.2334848543835
2678750000,-18.8965737998781
2680625000,-18.6669414061525
2682500000,-18.446374444137
2684375000,-18.2815576089942
2686250000,-18.1023149478323
2688125000,-18.049193779113
2690000000,-18.0079524141793
2691875000,-17.9855850071861
2693750000,-17.9329721002519
2695625000,-18.1677238460338
2697500000,-18.0351652364976
2699375000,-18.0692503689102
2701250000,-18.0685068328546
2703125000,-18.1130390829555
2705000000,-18.1568427144982
2706875000,-18.2220275220364
2708750000,-18.1206986882638
2710625000,-18.146085026815
2712500000,-18.0629180932616
2714375000,-18.1401450099912
2716250000,-18.2134945046186
2718125000,-18.3185931027287
2720000000,-18.4291433760021
2721875000,-18.5900671105912
2723750000,-18.738648413189
2725625000,-19.0013335478101
2727500000,-19.2343652981856
2729375000,-19.6173359613091
2731250000,-20.0305054446807
2733125000,-20.7033131785278
2735000000,-21.2915065978987
2736875000,-22.0439316799603
2738750000,-23.0250739883873
2740625000,-24.1291767704113
2742500000,-25.5131565324861
2744375000,-27.0235898144778
2746250000,-28.6693742000256
2748125000,-29.7527513713391
2750000000,-29.8798887857429
2751875000,-28.7438828203087
2753750000,-27.1746956791647
2755625000,-25.3987083609195
2757500000,-23.7471191551712
2759375000,-22.3335998336032
2761250000,-21.296328108721
2763125000,-20.3018557232439
2765000000,-19.3622961499586
2766875000,-18.6306896008155
2768750000,-18.0512888859427
2770625000,-17.4121011863049
2772500000,-16.9686617742337
2774375000,-16.6063090166571
2776250000,-16.3255771455982
2778125000,-16.0499030403691
2780000000,-15.8285501851328
2781875000,-15.6819092098573
2783750000,-15.5123536527394
2785625000,-15.3657344907345
2787500000,-15.3243388570317
2789375000,-15.2970531783186
2791250000,-15.286533668208
2793125000,-15.2699290909848
2795000000,-15.2150073761748
2796875000,-15.3646417568431
2798750000,-15.3770331880819
2800625000,-15.474491466876
2802500000,-15.5817951059263
2804375000,-15.672595183877
2806250000,-15.8057442972032
2808125000,-15.9919647754823
2810000000,-16.130533346211
2811875000,-16.327451665916
2813750000,-16.5588018176622
2815625000,-16.7882252656261
2817500000,-17.0603964713796
2819375000,-17.4408002766125
2821250000,-17.7913582220323
2823125000,-18.2127284120358
2825000000,-18.6074618084712
2826875000,-19.1062335096283
2828750000,-19.668471838923
2830625000,-20.1566509405801
2832500000,-20.6775106712799
2834375000,-21.2057442026224
2836250000,-21.5563006074671
2838125000,-21.588291328996
2840000000,-21.383897136823
2841875000,-20.9536961941179
2843750000,-20.2244878452421
2845625000,-19.4236976579434
2847500000,-18.5551356470854
2849375000,-17.6828596206531
2851250000,-16.7879493509143
2853125000,-15.9583410110778
2855000000,-15.1560084620208
2856875000,-14.4135982680144
2858750000,-13.7328015130042
2860625000,-13.0549905396677
2862500000,-12.4497831866645
2864375000,-11.8875938009448
2866250000,-11.3438467581256
2868125000,-10.882822484335
2870000000,-10.4428128863919
2871875000,-10.0167231260541
2873750000,-9.62662838345371
2875625000,-9.33180942342626
2877500000,-9.04731334457226
2879375000,-8.87607901250307
2881250000,-8.7821283700827
2883125000,-8.85280505396274
2885000000,-9.08744620064591
2886875000,-9.54949390554084
2888750000,-10.2655811667302
2890625000,-11.242651476069
2892500000,-12.4332573841105
2894375000,-13.752764995059
2896250000,-15.094592842286
2898125000,-16.3201609395273
2900000000,-17.3295033326037
2901875000,-17.9909198812634
2903750000,-18.2845458271524
2905625000,-18.229557797738
2907500000,-18.2041570419951
2909375000,-17.9102156653199
2911250000,-17.7522772386793
2913125000,-17.6032347194479
2915000000,-17.4303370759215
2916875000,-17.2747139263623
2918750000,-17.3025375643115
2920625000,-17.3725526663439
2922500000,-17.5268567954174
2924375000,-17.6660049996679
2926250000,-17.8865249205791
2928125000,-18.2034497550504
2930000000,-18.6393270567366
2931875000,-19.0650303965602
2933750000,-19.6068230082522
2935625000,-20.2161842849309
2937500000,-21.0882372147736
2939375000,-22.0631816683685
2941250000,-23.0568111544366
2943125000,-24.2006988190815
2945000000,-25.4171608687218
2946875000,-27.2226706312171
2948750000,-29.5602808386274
2950625000,-31.9174974698388
2952500000,-35.2925693281921
2954375000,-38.5170264606042
2956250000,-38.7593418213845
2958125000,-34.9374806484591
2960000000,-32.4525126410858
2961875000,-30.1260093486662
2963750000,-28.353983461485
2965625000,-26.6198182011401
2967500000,-25.7165302572495
2969375000,-24.6983148735261
2971250000,-23.8485743154822
2973125000,-23.2210338550566
2975000000,-22.6255224319645
2976875000,-22.0825591406985
2978750000,-21.5749062382404
2980625000,-21.1214538341364
2982500000,-20.874900494254
2984375000,-20.5266141269208
2986250000,-20.4074526528844
2988125000,-20.1583109728562
2990000000,-20.0444414299068
2991875000,-19.9152783281434
2993750000,-19.7632081191567
2995625000,-19.7143164684283
2997500000,-19.8103031137636
2999375000,-19.5665968394713
3001250000,-19.7361944336566
3003125000,-19.9180513806881
3005000000,-19.9172242583487
3006875000,-19.9889177312227
3008750000,-20.2534740564441
3010625000,-20.3068707133304
3012500000,-20.45494516438
3014375000,-20.8510705415495
3016250000,-21.0362235893009
3018125000,-21.3078423588696
3020000000,-21.4879970432783
3021875000,-21.8281453132074
3023750000,-22.2118882506054
3025625000,-22.7453853907524
3027500000,-22.9659851998387
3029375000,-23.3939312485939
3031250000,-23.4915824862721
3033125000,-23.8724993675599
3035000000,-24.0824929446069
3036875000,-23.9349855873618
3038750000,-24.0467052745448
3040625000,-23.9680195921565
3042500000,-23.8228720061869
3044375000,-23.2903695041501
3046250000,-23.1422348892797
3048125000,-22.8083060820455
3050000000,-22.3471593280277
3051875000,-22.0909315113958
3053750000,-21.6535242315761
3055625000,-21.4529584262388
3057500000,-21.1589805965663
3059375000,-20.8628263304861
3061250000,-20.6433825768042
3063125000,-20.4065143436169
3065000000,-20.2144827697061
3066875000,-20.0596840944056
3068750000,-19.9669161519496
3070625000,-19.9419123056829
3072500000,-19.8786862539501
3074375000,-19.8746054138495
3076250000,-19.9316461217324
3078125000,-19.8958387549498
3080000000,-19.9925715807845
3081875000,-20.0457876194191
3083750000,-20.2419365927906
3085625000,-20.385115420163
3087500000,-20.5487790371483
3089375000,-20.6181194585585
3091250000,-20.9624948298987
3093125000,-21.1003518387536
3095000000,-21.4397586666775
3096875000,-21.5966776063832
3098750000,-21.7409914126994
3100625000,-21.929725111279
3102500000,-22.0662210446656
3104375000,-22.2749115886114
3106250000,-22.2756872408481
3108125000,-22.4617078055144
3110000000,-22.4466191648551
3111875000,-22.3389445853707
3113750000,-22.4907637336588
3115625000,-22.2671956724198
3117500000,-22.0615750954093
3119375000,-21.8023986578253
3121250000,-21.6222382667084
3123125000,-21.4245705840707
3125000000,-21.0354185468601
3126875000,-20.8479856344413
3128750000,-20.5317437157716
3130625000,-20.20604220701
3132500000,-19.95059344065
3134375000,-19.7234894025474
3136250000,-19.4598168412404
3138125000,-19.1947790767802
3140000000,-19.0017832875602
3141875000,-18.8009586741694
3143750000,-18.6900153387465
3145625000,-18.5182910379503
3147500000,-18.3725382476015
3149375000,-18.2434040759813
3151250000,-18.2504869289721
3153125000,-18.1808349242627
3155000000,-18.2430125264921
3156875000,-18.2974124475269
3158750000,-18.317664142345
3160625000,-18.4705094659642
3162500000,-18.6201080663237
3164375000,-18.8640364426179
3166250000,-19.0418593919932
3168125000,-19.3336279818016
3170000000,-19.6335852956274
3171875000,-19.9250080063353
3173750000,-20.2990335339039
3175625000,-20.7099781513169
3177500000,-21.1239920667657
3179375000,-21.4524435208455
3181250000,-21.9725258190207
3183125000,-22.2875119646967
3185000000,-22.6724224727442
3186875000,-23.0158037360947
3188750000,-23.1159385341774
3190625000,-23.2386201890901
3192500000,-23.3397772107519
3194375000,-23.3494451012334
3196250000,-23.3222731450718
3198125000,-23.1550953269449
3200000000,-22.8469399305227
3201875000,-22.4567927048209
3203750000,-22.2007170054582
3205625000,-21.9546825910444
3207500000,-21.5299047251277
3209375000,-21.0621343008645
3211250000,-20.7177278837815
3213125000,-20.3898930780211
3215000000,-19.9323413460056
3216875000,-19.4911050706384
3218750000,-19.2318067520743
3220625000,-18.7957533420383
3222500000,-18.3502154066727
3224375000,-18.2139040355049
3226250000,-17.6897438567627
3228125000,-17.7310602892148
3230000000,-17.3984307987442
3231875000,-17.1440703917633
3233750000,-16.8694270203335
3235625000,-16.7544688912954
3237500000,-16.6659104298341
3239375000,-16.5061411535633
3241250000,-16.4193877267635
3243125000,-16.4200322986831
3245000000,-16.5145362973172
3246875000,-16.4476891888485
3248750000,-16.469744017618
3250625000,-16.6769203711462
3252500000,-16.7477566798871
3254375000,-17.0785559762352
3256250000,-17.2709174295516
3258125000,-17.6855085253042
3260000000,-18.020532823507
3261875000,-18.2926178903672
3263750000,-18.9095949363198
3265625000,-19.3732835766354
3267500000,-20.1184624112019
3269375000,-20.6254853627739
3271250000,-21.4923344289273
3273125000,-22.2029896899783
3275000000,-22.967723120487
3276875000,-23.5868411321698
3278750000,-24.0676165027142
3280625000,-24.4043137898278
3282500000,-24.5847569572022
3284375000,-24.5034155658686
3286250000,-24.1810919335324
3288125000,-23.5934048419709
3290000000,-23.2859623032937
3291875000,-22.6496543516377
3293750000,-22.0431719429075
3295625000,-21.2406536932707
3297500000,-20.8382931419104
3299375000,-20.4565997677892
3301250000,-19.9432733210892
3303125000,-19.5709005355514
3305000000,-19.0794737000025
3306875000,-18.6966245764329
3308750000,-18.3007950824335
3310625000,-17.9812359887795
3312500000,-17.6468618604403
3314375000,-17.5790035255516
3316250000,-17.1085061912852
3318125000,-16.9735262459102
3320000000,-16.7269672991316
3321875000,-16.4896888055669
3323750000,-16.1907174029088
3325625000,-16.2513608825828
3327500000,-16.0121102486155
3329375000,-15.8545372962508
3331250000,-15.7855826630824
3333125000,-15.7647416972894
3335000000,-15.8153598225609
3336875000,-15.7136191469046
3338750000,-15.7641214263269
3340625000,-15.7655203111627
3342500000,-15.9461676647571
3344375000,-16.0204986805384
3346250000,-16.2690635771326
3348125000,-16.5013179253566
3350000000,-16.7325474709146
3351875000,-17.0698542805259
3353750000,-17.5289113522026
3355625000,-17.9976491878757
3357500000,-18.4866893367354
3359375000,-19.0246719296577
3361250000,-19.7377813382983
3363125000,-20.4287229815506
3365000000,-21.3807052372757
3366875000,-22.0594717210489
3368750000,-22.8782112370907
3370625000,-23.8352634978905
3372500000,-24.4758263081166
3374375000,-24.9174512466749
3376250000,-25.1292030923535
3378125000,-24.907713451466
3380000000,-24.3390508181938
3381875000,-23.5733834905059
3383750000,-23.0083553893879
3385625000,-22.1346772544227
3387500000,-21.2970464535361
3389375000,-20.5665213868176
3391250000,-19.9244115962352
3393125000,-19.4292939436459
3395000000,-18.8534800903652
3396875000,-18.316074366096
3398750000,-17.9761986806294
3400625000,-17.5966717169651
3402500000,-17.2308825677778
3404375000,-16.9480714961934
3406250000,-16.6960880768933
3408125000,-16.4627717729193
3410000000,-16.2512394557567
3411875000,-16.1562724175451
3413750000,-15.9517322330221
3415625000,-15.8987302011019
3417500000,-15.7502797670414
3419375000,-15.6284518802431
3421250000,-15.6022756482588
3423125000,-15.6421071985999
3425000000,-15.4678749716581
3426875000,-15.5369403404303
3428750000,-15.5950083058298
3430625000,-15.6741825277881
3432500000,-15.7770323656237
3434375000,-15.9234489925385
3436250000,-16.0329357046701
3438125000,-16.2204226320179
3440000000,-16.4841068717256
3441875000,-16.8642349311555
3443750000,-17.1924423719646
3445625000,-17.5363639148744
3447500000,-17.871930895737
3449375000,-18.3860221331895
3451250000,-18.8044020509765
3453125000,-19.514322723952
3455000000,-20.0374771465258
3456875000,-20.7533040483917
3458750000,-21.4841106835938
3460625000,-22.1487350683703
3462500000,-22.7300764535815
3464375000,-23.6317180293007
3466250000,-23.8064050385096
3468125000,-24.1104897185712
3470000000,-24.0859822783885
3471875000,-23.8095084412355
3473750000,-23.3545812550306
3475625000,-22.7782293213109
3477500000,-22.0531979965789
3479375000,-21.3823212846477
3481250000,-20.7735217825827
3483125000,-20.0387847043907
3485000000,-19.4803301265111
3486875000,-18.9475748829259
3488750000,-18.5311770873548
3490625000,-18.0148268684612
3492500000,-17.5836593517207
3494375000,-17.3216405406622
3496250000,-17.011802232564
3498125000,-16.7655953993079
3500000000,-16.5192845857355
END
! CORRECTION2 ON U
! DATA Freq,S21
! FREQ UNIT Hz
! DATA UNIT dB
BEGIN
2000000000,-0.644917380507619
2001875000,-0.6397250194756
2003750000,-0.637188750302962
2005625000,-0.637461293555067
2007500000,-0.636819671247509
2009375000,-0.647077609140116
2011250000,-0.648830061489984
2013125000,-0.657786870537196
2015000000,-0.670606366183799
2016875000,-0.682935640711503
2018750000,-0.694735419935692
2020625000,-0.715636711879258
2022500000,-0.73041777227146
2024375000,-0.746137904972934
2026250000,-0.768963112626167
2028125000,-0.788788191251134
2030000000,-0.816680986838518
2031875000,-0.835901679976893
2033750000,-0.854701349441085
2035625000,-0.882319576199974
2037500000,-0.898879144340212
2039375000,-0.918041297576453
2041250000,-0.936818234742691
2043125000,-0.957817519228943
2045000000,-0.973822425665259
2046875000,-0.986309527895324
2048750000,-0.998499131126402
2050625000,-1.00558602458856
2052500000,-1.01890657472998
2054375000,-1.02093567014885
2056250000,-1.02450297367146
2058125000,-1.02289350510861
2060000000,-1.0178957408962
2061875000,-1.0220958039202
2063750000,-1.0135637670669
2065625000,-1.01037163710744
2067500000,-0.998894141494258
2069375000,-0.983448452047638
2071250000,-0.979022475125812
2073125000,-0.962460282618472
2075000000,-0.95001887560396
2076875000,-0.921099335170828
2078750000,-0.905508894839258
2080625000,-0.883904527302735
2082500000,-0.865336948888872
2084375000,-0.84096715382481
2086250000,-0.829392247582695
2088125000,-0.805704169824528
2090000000,-0.784913440605888
2091875000,-0.764740832410756
2093750000,-0.750798013018785
2095625000,-0.732997200013932
2097500000,-0.723369039319371
2099375000,-0.714122002799921
2101250000,-0.701168427943475
2103125000,-0.694835320841032
2105000000,-0.697991336137917
2106875000,-0.692312517318848
2108750000,-0.693439519256456
2110625000,-0.701593736036197
2112500000,-0.70230573118769
2114375000,-0.71920526617633
2116250000,-0.732789264458311
2118125000,-0.751154888127794
2120000000,-0.755798559297187
2121875000,-0.794595444297836
2123750000,-0.804157521634441
2125625000,-0.825447517856766
2127500000,-0.849255390877892
2129375000,-0.8677650393118
2131250000,-0.894203519579503
2133125000,-0.919163513168221
2135000000,-0.941153415048198
2136875000,-0.955853749858665
2138750000,-0.978330959821837
2140625000,-0.999933235746927
2142500000,-1.01051238603967
2144375000,-1.02419267693974
2146250000,-1.03612232089806
2148125000,-1.04088920823828
2150000000,-1.04350682691874
2151875000,-1.05199045682015
2153750000,-1.05007935974417
2155625000,-1.04698802355681
2157500000,-1.04946788015183
2159375000,-1.0468955158245
2161250000,-1.03022840046382
2163125000,-1.02054420141116
2165000000,-1.00340200135856
2166875000,-0.98789524275631
2168750000,-0.972099916973525
2170625000,-0.937230613732527
2172500000,-0.92572352388271
2174375000,-0.906798330015512
2176250000,-0.881852651949524
2178125000,-0.857345380812154
2180000000,-0.832526331338056
2181875000,-0.806094158643723
2183750000,-0.783239273721456
2185625000,-0.764024704529549
2187500000,-0.739479158155641
2189375000,-0.720845278073737
2191250000,-0.706043504536203
2193125000,-0.687073527510368
2195000000,-0.679371123848164
2196875000,-0.665319843390119
2198750000,-0.658931345359548
2200625000,-0.648741317601927
2202500000,-0.648859444883425
2204375000,-0.651083986437072
2206250000,-0.651863994488018
2208125000,-0.661519745495792
2210000000,-0.669215118044275
2211875000,-0.678056832453758
2213750000,-0.694852847274003
2215625000,-0.710208611641317
2217500000,-0.72612659462717
2219375000,-0.753484483069012
2221250000,-0.771298195180998
2223125000,-0.789940047006379
2225000000,-0.812682808625713
2226875000,-0.835458190372127
2228750000,-0.856545593295326
2230625000,-0.879878060357102
2232500000,-0.898298061028921
2234375000,-0.916034755344369
2236250000,-0.941030193829699
2238125000,-0.959027319984174
2240000000,-0.969020563963706
2241875000,-0.985670849089282
2243750000,-1.00025296291742
2245625000,-1.01579273394356
2247500000,-1.01062340075931
2249375000,-1.01485151088038
2251250000,-1.01834920398509
2253125000,-1.02549868304199
2255000000,-1.01543098606524
2256875000,-1.00965036851429
2258750000,-1.00721272847612
2260625000,-0.999108262787948
2262500000,-0.99448976033951
2264375000,-0.982873027003725
2266250000,-0.975212156609377
2268125000,-0.962412963089813
2270000000,-0.953954039448533
2271875000,-0.946367058923539
2273750000,-0.934489946657794
2275625000,-0.93141995525495
2277500000,-0.926014957313468
2279375000,-0.915639079742267
2281250000,-0.91257136048672
2283125000,-0.911917169645291
2285000000,-0.918942504334178
2286875000,-0.93065549059477
2288750000,-0.939237579913346
2290625000,-0.95756555828943
2292500000,-0.974125391234431
2294375000,-0.992638666601598
2296250000,-1.02289631518845
2298125000,-1.0640300594605
2300000000,-1.09719215758154
2301875000,-1.14357043531416
2303750000,-1.19184397771908
2305625000,-1.24163989939046
2307500000,-1.30284509674979
2309375000,-1.35441398111183
2311250000,-1.42880414852289
2313125000,-1.50188182706915
2315000000,-1.57803855100371
2316875000,-1.66342548002107
2318750000,-1.76080781886891
2320625000,-1.85592591236578
2322500000,-1.9684773698253
2324375000,-2.07475284419454
2326250000,-2.20003489174288
2328125000,-2.32600756182717
2330000000,-2.47532063758962
2331875000,-2.633803828684
2333750000,-2.80559689233998
2335625000,-2.99185095903533
2337500000,-3.20383875396346
2339375000,-3.44101845072886
2341250000,-3.69566628683938
2343125000,-3.98729363124887
2345000000,-4.30019620351917
2346875000,-4.64155521883311
2348750000,-5.0195525607155
2350625000,-5.41317202442365
2352500000,-5.83612757857182
2354375000,-6.25027254644182
2356250000,-6.63347392926759
2358125000,-6.92851621012546
2360000000,-7.10496899496516
2361875000,-7.12898025913597
2363750000,-6.99012732268422
2365625000,-6.69966332822245
2367500000,-6.29504775033078
2369375000,-5.8289930017309
2371250000,-5.32804716419341
2373125000,-4.82738047689221
2375000000,-4.35347404443002
2376875000,-3.93240735380138
2378750000,-3.53317234435274
2380625000,-3.18140164612749
2382500000,-2.87789548298782
2384375000,-2.59501470573328
2386250000,-2.3472762412432
2388125000,-2.14023877860484
2390000000,-1.94893320875744
2391875000,-1.78043316421699
2393750000,-1.6361715018375
2395625000,-1.50810290893097
2397500000,-1.39131775415772
2399375000,-1.2960199404219
2401250000,-1.20630384520321
2403125000,-1.14643891263255
2405000000,-1.07553084551749
2406875000,-1.01902856396743
2408750000,-0.972210028747002
2410625000,-0.915543783041871
2412500000,-0.869622674700624
2414375000,-0.826473243707084
2416250000,-0.803040577967677
2418125000,-0.770488831346703
2420000000,-0.738937147963069
2421875000,-0.718532771879035
2423750000,-0.68831859728496
2425625000,-0.672140290390438
2427500000,-0.652452108871692
2429375000,-0.62568883011019
2431250000,-0.613968305416257
2433125000,-0.597580971184193
2435000000,-0.583774024294835
2436875000,-0.568169697533409
2438750000,-0.556825646818118
2440625000,-0.54024650457762
2442500000,-0.524464506306126
2444375000,-0.516235102415683
2446250000,-0.501921465613555
2448125000,-0.487359339788458
2450000000,-0.481966272709593
2451875000,-0.466258790487464
2453750000,-0.458099336191403
2455625000,-0.45706198301476
2457500000,-0.435146824721787
2459375000,-0.433272212478856
2461250000,-0.436037976303957
2463125000,-0.427223678145165
2465000000,-0.439518236822143
2466875000,-0.42819862076474
2468750000,-0.430248711642185
2470625000,-0.426906158129975
2472500000,-0.444024082235707
2474375000,-0.457063657453851
2476250000,-0.455061477866397
2478125000,-0.476982311834141
2480000000,-0.487122616132316
2481875000,-0.509698553318928
2483750000,-0.513086490604966
2485625000,-0.519970776900432
2487500000,-0.539681122060629
2489375000,-0.554767672192553
2491250000,-0.56701668090833
2493125000,-0.583434095566723
2495000000,-0.603279446744695
2496875000,-0.612228190012316
2498750000,-0.619256126654948
2500625000,-0.640440479577217
2502500000,-0.651823207640728
2504375000,-0.642708896851085
2506250000,-0.652105823957357
2508125000,-0.649579649054367
2510000000,-0.657547093359263
2511875000,-0.66373046530547
2513750000,-0.654437663861247
2515625000,-0.660902381044032
2517500000,-0.650200800065543
2519375000,-0.646792304910792
2521250000,-0.639788924654498
2523125000,-0.631523091000537
2525000000,-0.627095011703959
2526875000,-0.615685857059753
2528750000,-0.60509388547463
2530625000,-0.598039497324561
2532500000,-0.586507507048174
2534375000,-0.57177641787339
2536250000,-0.566207947561971
2538125000,-0.561814576154263
2540000000,-0.554305388578539
2541875000,-0.542849388770744
2543750000,-0.538799815948318
2545625000,-0.539188948572318
2547500000,-0.532040407342445
2549375000,-0.533456439191666
2551250000,-0.534130630685116
2553125000,-0.532680255082043
2555000000,-0.542827992589709
2556875000,-0.554551126796592
2558750000,-0.560812758301093
2560625000,-0.578309495964437
2562500000,-0.591244943362837
2564375000,-0.614361747311268
2566250000,-0.627297960938055
2568125000,-0.653810561819807
2570000000,-0.676701504371318
2571875000,-0.699974999939648
2573750000,-0.724980028397749
2575625000,-0.755911072415567
2577500000,-0.778759339206078
2579375000,-0.812005269993336
2581250000,-0.837138977502934
2583125000,-0.859292504479107
2585000000,-0.897290143014257
2586875000,-0.907240909398757
2588750000,-0.925288488766062
2590625000,-0.946949658173479
2592500000,-0.96579623570156
2594375000,-0.976548626186459
2596250000,-0.999539465882276
2598125000,-1.01014624094983
2600000000,-1.02048428134755
2601875000,-1.01202017498526
2603750000,-1.0117809468837
2605625000,-1.01860827700077
2607500000,-1.00768287899706
2609375000,-1.00731206794166
2611250000,-0.989494774527922
2613125000,-0.981262509408266
2615000000,-0.965541466550748
2616875000,-0.946764551610103
2618750000,-0.920784559002267
2620625000,-0.907926863900971
2622500000,-0.888911306648884
2624375000,-0.858032217153765
2626250000,-0.833960355836783
2628125000,-0.807942444001576
2630000000,-0.791726326029511
2631875000,-0.76808935786314
2633750000,-0.740800828547743
2635625000,-0.730433806429082
2637500000,-0.711042379438361
2639375000,-0.699059471794977
2641250000,-0.686877297775027
2643125000,-0.674205584587405
2645000000,-0.672284237761334
2646875000,-0.670266413614649
2648750000,-0.667716826574752
2650625000,-0.675283270514999
2652500000,-0.683491130450195
2654375000,-0.694982435355152
2656250000,-0.708255736383122
2658125000,-0.728974309488662
2660000000,-0.74774684750257
2661875000,-0.767415334621814
2663750000,-0.794841193428405
2665625000,-0.824297460141556
2667500000,-0.85915840160553
2669375000,-0.889070900259191
2671250000,-0.918638875533782
2673125000,-0.943981696728295
2675000000,-0.966799776689762
2676875000,-1.00885282038708
2678750000,-1.0368097706532
2680625000,-1.05952385069053
2682500000,-1.09326890579576
2684375000,-1.11487421143225
2686250000,-1.1361612067667
2688125000,-1.15632289753121
2690000000,-1.17188335018525
2691875000,-1.18135286013519
2693750000,-1.18975050407233
2695625000,-1.19786085018735
2697500000,-1.20439541103199
2699375000,-1.18965934305101
2701250000,-1.19224104074326
2703125000,-1.19273315320998
2705000000,-1.17277169151699
2706875000,-1.16580226681302
2708750000,-1.14196158300322
2710625000,-1.12118019420424
2712500000,-1.08856341767859
2714375000,-1.05729602261431
2716250000,-1.04477025354225
2718125000,-0.999390790999074
2720000000,-0.979170053821881
2721875000,-0.937749331880919
2723750000,-0.90411528999996
2725625000,-0.868695404400717
2727500000,-0.840335006873805
2729375000,-0.80503071502318
2731250000,-0.77984166437999
2733125000,-0.75416505672076
2735000000,-0.730119129956973
2736875000,-0.708443624192516
2738750000,-0.689573815193447
2740625000,-0.681344665507893
2742500000,-0.667195978061971
2744375000,-0.660361879064351
2746250000,-0.659260306180001
2748125000,-0.658462717248771
2750000000,-0.667949948244678
2751875000,-0.681695266095344
2753750000,-0.696247446698061
2755625000,-0.71683551620549
2757500000,-0.729992671019184
2759375000,-0.756319141364274
2761250000,-0.780428303318146
2763125000,-0.809776878147009
2765000000,-0.838973022507982
2766875000,-0.861769105808381
2768750000,-0.893645535005017
2770625000,-0.924519134345798
2772500000,-0.956767875808213
2774375000,-0.971734825643718
2776250000,-1.00320579176294
2778125000,-1.02253254700828
2780000000,-1.04643015066736
2781875000,-1.05931391675115
2783750000,-1.08146620056129
2785625000,-1.09280796055222
2787500000,-1.1017663775176
2789375000,-1.11026684590647
2791250000,-1.11202318321061
2793125000,-1.11916435467293
2795000000,-1.10337147953813
2796875000,-1.10306812559052
2798750000,-1.08722860742794
2800625000,-1.08472167799283
2802500000,-1.05878809154176
2804375000,-1.05214336357501
2806250000,-1.03212795410609
2808125000,-1.01160448476285
2810000000,-0.97851367137842
2811875000,-0.95439400077768
2813750000,-0.931363253734364
2815625000,-0.901240587109433
2817500000,-0.860531356566997
2819375000,-0.845328566776192
2821250000,-0.81281004264259
2823125000,-0.789599613501963
2825000000,-0.769336610959685
2826875000,-0.744683289635343
2828750000,-0.72847688436357
2830625000,-0.716261604334205
2832500000,-0.698373392924924
2834375000,-0.692571094457693
2836250000,-0.690075963974722
2838125000,-0.691803148740496
2840000000,-0.701159604422198
2841875000,-0.711629195216819
2843750000,-0.735837692074251
2845625000,-0.761478662791195
2847500000,-0.79134677246601
2849375000,-0.823571042892569
2851250000,-0.86910795807729
2853125000,-0.915621997955023
2855000000,-0.97664721858525
2856875000,-1.04005400707938
2858750000,-1.10684091127985
2860625000,-1.19386108485928
2862500000,-1.29143555956283
2864375000,-1.39250112412436
2866250000,-1.50906776449709
2868125000,-1.64857576949602
2870000000,-1.81200206874902
2871875000,-2.00234149681622
2873750000,-2.23271289835722
2875625000,-2.50619415824614
2877500000,-2.8439556195897
2879375000,-3.22838413518554
2881250000,-3.67374588236095
2883125000,-4.14307419584947
2885000000,-4.54363433813487
2886875000,-4.78195484315176
2888750000,-4.74830784400459
2890625000,-4.43930532183593
2892500000,-3.96644523623471
2894375000,-3.44622585479312
2896250000,-2.95458073121847
2898125000,-2.5282479568467
2900000000,-2.18053696781594
2901875000,-1.89362737383031
2903750000,-1.65923750141854
2905625000,-1.45966683270059
2907500000,-1.31602384002657
2909375000,-1.17304208159145
2911250000,-1.05813637400053
2913125000,-0.966363643563593
2915000000,-0.883608639954877
2916875000,-0.794910883761561
2918750000,-0.737705123382041
2920625000,-0.678804273649744
2922500000,-0.630016499651121
2924375000,-0.582529111754648
2926250000,-0.548671287138457
2928125000,-0.512760483299656
2930000000,-0.485909084864863
2931875000,-0.462268442112851
2933750000,-0.434770321695898
2935625000,-0.415380234246123
2937500000,-0.402086294631946
2939375000,-0.39018717477123
2941250000,-0.390720351977635
2943125000,-0.388862306378988
2945000000,-0.386188736533451
2946875000,-0.392753965680401
2948750000,-0.391101205917023
2950625000,-0.40968435591735
2952500000,-0.415795290549865
2954375000,-0.41965141547037
2956250000,-0.433937687431791
2958125000,-0.453467611368042
2960000000,-0.459078273908132
2961875000,-0.472289358166207
2963750000,-0.483579327528164
2965625000,-0.491231542702895
2967500000,-0.509004500752961
2969375000,-0.501527465213514
2971250000,-0.514047375932692
2973125000,-0.520541810175669
2975000000,-0.514933978303006
2976875000,-0.520536244220816
2978750000,-0.519835927477288
2980625000,-0.511174427109043
2982500000,-0.511923753794106
2984375000,-0.498300164454025
2986250000,-0.499856929730333
2988125000,-0.481784404120413
2990000000,-0.476905006771656
2991875000,-0.472379552116596
2993750000,-0.465094429423888
2995625000,-0.451085408407893
2997500000,-0.441401423517258
2999375000,-0.430422526143319
3001250000,-0.41956713806543
3003125000,-0.41531570932766
3005000000,-0.38806596295267
3006875000,-0.386091715412849
3008750000,-0.382206036801855
3010625000,-0.375502833169208
3012500000,-0.360029728843535
3014375000,-0.364946325838606
3016250000,-0.357507989231472
3018125000,-0.347717879576921
3020000000,-0.344243142951585
3021875000,-0.357313207011911
3023750000,-0.352008694911261
3025625000,-0.36581595293994
3027500000,-0.366811972530333
3029375000,-0.377114534267385
3031250000,-0.386324180305544
3033125000,-0.39696250056351
3035000000,-0.409030725659228
3036875000,-0.424089203461903
3038750000,-0.435929968227908
3040625000,-0.445382556574414
3042500000,-0.454346937444035
3044375000,-0.474755416143641
3046250000,-0.489345018191499
3048125000,-0.499897028511008
3050000000,-0.5200288772138
3051875000,-0.531087352750751
3053750000,-0.554640216663916
3055625000,-0.552914748726035
3057500000,-0.557400735467614
3059375000,-0.56378194450022
3061250000,-0.569408637625668
3063125000,-0.579027812467809
3065000000,-0.573986000138028
3066875000,-0.57459956473845
3068750000,-0.572376927406171
3070625000,-0.572273090392268
3072500000,-0.563441354509613
3074375000,-0.562028726906705
3076250000,-0.548954138683325
3078125000,-0.546917113445988
3080000000,-0.544523406937439
3081875000,-0.531784000434315
3083750000,-0.522892360112431
3085625000,-0.520622291960186
3087500000,-0.516627232040113
3089375000,-0.50937118750041
3091250000,-0.504609241377166
3093125000,-0.501224590054332
3095000000,-0.505753381581612
3096875000,-0.501565754611195
3098750000,-0.501248368010453
3100625000,-0.512856873945479
3102500000,-0.50972310771765
3104375000,-0.519019256212811
3106250000,-0.537069165604735
3108125000,-0.534270706970021
3110000000,-0.542638663040621
3111875000,-0.560901262444548
3113750000,-0.582568843535997
3115625000,-0.587986204003889
3117500000,-0.61471567918173
3119375000,-0.625337387510003
3121250000,-0.649209723212603
3123125000,-0.660975192055256
3125000000,-0.68711585444787
3126875000,-0.706619106744746
3128750000,-0.723876277806562
3130625000,-0.750025331407608
3132500000,-0.764058003666491
3134375000,-0.778978089023111
3136250000,-0.791129883663146
3138125000,-0.806386099462561
3140000000,-0.822818704182057
3141875000,-0.830807534523098
3143750000,-0.841434294782649
3145625000,-0.856994378272585
3147500000,-0.852985461389872
3149375000,-0.861671698947861
3151250000,-0.859368815458791
3153125000,-0.858494963516074
3155000000,-0.852414324121323
3156875000,-0.849245761932802
3158750000,-0.840787312091019
3160625000,-0.828449296721729
3162500000,-0.815990930338176
3164375000,-0.800641011645466
3166250000,-0.779049498849269
3168125000,-0.762377924659401
3170000000,-0.747886292855968
3171875000,-0.727155379493281
3173750000,-0.710627806179436
3175625000,-0.703790924987731
3177500000,-0.688081694002941
3179375000,-0.671023507087105
3181250000,-0.670959882613113
3183125000,-0.656099340738927
3185000000,-0.650722869097545
3186875000,-0.650736272060546
3188750000,-0.644351827558836
3190625000,-0.644844499167534
3192500000,-0.659069138085101
3194375000,-0.663370033483283
3196250000,-0.678675996092153
3198125000,-0.694382051904001
3200000000,-0.702681719192267
3201875000,-0.721323672412042
3203750000,-0.741470754298835
3205625000,-0.762931416717512
3207500000,-0.792027414320589
3209375000,-0.81848809737483
3211250000,-0.839041059253884
3213125000,-0.862909053448779
3215000000,-0.904852975325304
3216875000,-0.927895842447946
3218750000,-0.944217966558772
3220625000,-0.990375970377791
3222500000,-1.00574378114168
3224375000,-1.02285607443767
3226250000,-1.06635846800569
3228125000,-1.06192316221146
3230000000,-1.08285624440081
3231875000,-1.11206843644927
3233750000,-1.12313117243851
3235625000,-1.13233552266369
3237500000,-1.12749227724591
3239375000,-1.13011736360728
3241250000,-1.12687993723682
3243125000,-1.1149759497129
3245000000,-1.12018698333915
3246875000,-1.11816849676466
3248750000,-1.10460752926749
3250625000,-1.07679184471265
3252500000,-1.06253155047454
3254375000,-1.04382305859001
3256250000,-1.01721568916212
3258125000,-0.986149370588083
3260000000,-0.965717696272993
3261875000,-0.941009440591996
3263750000,-0.917575305507798
3265625000,-0.882652029630929
3267500000,-0.851692663284863
3269375000,-0.823922323927201
3271250000,-0.808897735901139
3273125000,-0.77798712075265
3275000000,-0.766803789706054
3276875000,-0.762310216027522
3278750000,-0.749305807034462
3280625000,-0.730255301843079
3282500000,-0.715557195981195
3284375000,-0.734935291455273
3286250000,-0.721343910255669
3288125000,-0.719621629300839
3290000000,-0.73982566685179
3291875000,-0.752003517775758
3293750000,-0.758179877442825
3295625000,-0.780687835910059
3297500000,-0.797721496548689
3299375000,-0.81972173510291
3301250000,-0.850096839096745
3303125000,-0.878086484396129
3305000000,-0.8938466226783
3306875000,-0.919271245953007
3308750000,-0.948299107670086
3310625000,-0.972981649650805
3312500000,-1.01397203911487
3314375000,-1.04032357307504
3316250000,-1.07684729900292
3318125000,-1.10362058038105
3320000000,-1.11169516173528
3321875000,-1.14687922624888
3323750000,-1.16765020611231
3325625000,-1.18947923241357
3327500000,-1.19230342960471
3329375000,-1.20709536803194
3331250000,-1.21362293038705
3333125000,-1.21917086752767
3335000000,-1.22232057127755
3336875000,-1.21681762992607
3338750000,-1.20808802874553
3340625000,-1.18845026678864
3342500000,-1.18688635624385
3344375000,-1.15397153346291
3346250000,-1.1393169314066
3348125000,-1.11413890345878
3350000000,-1.08396785665904
3351875000,-1.05163122525685
3353750000,-1.03154284946091
3355625000,-1.00172774679297
3357500000,-0.954834237617354
3359375000,-0.927011450791458
3361250000,-0.902166068346786
3363125000,-0.862806521779238
3365000000,-0.83382933264416
3366875000,-0.809903293184478
3368750000,-0.794321434003099
3370625000,-0.77573813166952
3372500000,-0.742327374269023
3374375000,-0.723295402262917
3376250000,-0.708679791457008
3378125000,-0.706395882556469
3380000000,-0.701066905575943
3381875000,-0.696836792702399
3383750000,-0.692113056662347
3385625000,-0.694394660915972
3387500000,-0.695332910990025
3389375000,-0.714147431936933
3391250000,-0.729543506630787
3393125000,-0.72898817640986
3395000000,-0.747794911795856
3396875000,-0.764521398916074
3398750000,-0.789956500517717
3400625000,-0.804915676076857
3402500000,-0.821932358106171
3404375000,-0.855237842494844
3406250000,-0.869580177054555
3408125000,-0.895476321621747
3410000000,-0.908203920900536
3411875000,-0.946004968315573
3413750000,-0.957208084910593
3415625000,-0.975172826602307
3417500000,-0.985546586816259
3419375000,-1.00108537309477
3421250000,-1.01112515995147
3423125000,-1.03015240728863
3425000000,-1.01389183294607
3426875000,-1.02513999303011
3428750000,-1.02532591951664
3430625000,-1.02897079000523
3432500000,-1.03017934115621
3434375000,-0.998075074070984
3436250000,-0.989616544615837
3438125000,-0.973765148204353
3440000000,-0.954129067542367
3441875000,-0.928828021252745
3443750000,-0.923285499324239
3445625000,-0.880041513945455
3447500000,-0.866199749010569
3449375000,-0.840022667978673
3451250000,-0.841934152047332
3453125000,-0.791452487874806
3455000000,-0.755429081601352
3456875000,-0.746346009834051
3458750000,-0.720656212770207
3460625000,-0.710966701338029
3462500000,-0.682931589417055
3464375000,-0.662596909294032
3466250000,-0.651671093365823
3468125000,-0.639683505604775
3470000000,-0.63388753654133
3471875000,-0.619608693097561
3473750000,-0.615324507729852
3475625000,-0.610110306601843
3477500000,-0.618981843121466
3479375000,-0.617197681306148
3481250000,-0.616381061518369
3483125000,-0.619174465208867
3485000000,-0.638242975031201
3486875000,-0.655701023860951
3488750000,-0.668657327716681
3490625000,-0.662078514063095
3492500000,-0.690094893279357
3494375000,-0.700892446079217
3496250000,-0.718646103545198
3498125000,-0.736790185448488
3500000000,-0.755396595937625
END
